2 1
4 1
5 1
3 2
5 2
7 2
6 3
7 3
9 3
5 4
8 4
10 4
15 4
7 5
10 5
11 5
9 6
12 6
14 6
9 7
11 7
13 7
15 8
18 8
23 8
13 9
14 9
16 9
11 10
15 10
17 10
26 10
13 11
17 11
19 11
14 12
22 12
29 12
16 13
19 13
20 13
16 14
21 14
22 14
23 15
26 15
34 15
20 16
21 16
24 16
19 17
26 17
30 17
31 17
23 18
183 18
327 18
20 19
25 19
27 19
30 19
24 20
25 20
28 20
22 21
24 21
33 21
39 21
29 22
39 22
46 22
34 23
183 23
272 23
28 24
33 24
37 24
27 25
28 25
32 25
31 26
34 26
50 26
64 26
30 27
32 27
35 27
38 27
32 28
36 28
37 28
46 29
148 29
282 29
31 30
38 30
41 30
43 30
43 31
50 31
69 31
35 32
36 32
40 32
37 33
39 33
48 33
57 33
64 34
272 34
2142 34
38 35
40 35
42 35
37 36
40 36
44 36
45 36
44 37
48 37
52 37
41 38
42 38
47 38
46 39
57 39
157 39
172 39
42 40
45 40
49 40
51 40
43 41
47 41
59 41
66 41
47 42
51 42
53 42
66 43
69 43
100 43
45 44
52 44
54 44
58 44
49 45
54 45
55 45
172 46
282 46
1791 46
53 47
59 47
62 47
52 48
57 48
73 48
84 48
51 49
55 49
56 49
64 50
69 50
143 50
151 50
53 51
56 51
60 51
58 52
73 52
76 52
60 53
62 53
65 53
55 54
58 54
61 54
67 54
56 55
61 55
63 55
60 56
63 56
68 56
84 57
157 57
173 57
67 58
76 58
77 58
62 59
66 59
83 59
93 59
65 60
68 60
72 60
63 61
